0000000000000000000000000000000000000000000000000000000001111111
1111111111111111111111111111111111111111111111111000000000000000
0000000000000000000000000000000000000000011111111111111111111111
1111111111111111111111111111111110000000000000000000000000000000
0000000000000000000000000111111111111111111111111111111111111111
1111111111111111100000000000000000000000000000000000000000000000
0000000001111111111111111111111111111111111111111111111111111111
1000000000000000000000000000000000000000000000000000000000000000
0000000000000000000000000000000000000000000000000000000000011111
1111111111111111111111111111111111111111111111111110000000000000
0000000000000000000000000000000000000000000111111111111111111111
1111111111111111111111111111111111100000000000000000000000000000
0000000000000000000000000001111111111111111111111111111111111111
1111111111111111111000000000000000000000000000000000000000000000
0000000000011111111111111111111111111111111111111111111111111111
1110000000000000000000000000000000000000000000000000000000000000
0000000000000000000000000000000000000000000000000000000000000111
1111111111111111111111111111111111111111111111111111100000000000
0000000000000000000000000000000000000000000001111111111111111111
1111111111111111111111111111111111111000000000000000000000000000
0000000000000000000000000000011111111111111111111111111111111111
1111111111111111111110000000000000000000000000000000000000000000
0000000000000111111111111111111111111111111111111111111111111111
1111100000000000000000000000000000000000000000000000000000000000
0000000000000000000000000000000000000000000000000000000000000001
1111111111111111111111111111111111111111111111111111111000000000
0000000000000000000000000000000000000000000000011111111111111111
1111111111111111111111111111111111111110000000000000000000000000
0000000000000000000000000000000111111111111111111111111111111111
1111111111111111111111100000000000000000000000000000000000000000
0000000000000001111111111111111111111111111111111111111111111111
1111111000000000000000000000000000000000000000000000000000000000
0000001111111111111111111111111111111111111111111111111111111111
1111111111111111111111111111111111111111111111111111111100000000
0000000000000000000000000000000000000000000000001111111111111111
1111111111111111111111111111111111111111000000000000000000000000
0000000000000000000000000000000011111111111111111111111111111111
1111111111111111111111110000000000000000000000000000000000000000
0000000000000000000000000000000011111111111111111111111111111111
1111111111111111111111110000000000000000000000000000000000000000
0000000000000000111111111111111111111111111111111111111111111111
1111111100000000000000000000000000000000000000000000000000000000
1111111111111111111111111111111111111111111111111111111111111111
1111111111111111111111111111111111111111111111111111111111000000
1111111111111111111111111111111111111111111111111111111111111111
1111111111111111111111111111111111111111111111111111111111000000
0000000000000000000000000000000000000000000000000011111111111111
1111111111111111111111111111111111111111110000000000000000000000
0000000000000000000000000000000000111111111111111111111111111111
1111111111111111111111111100000000000000000000000000000000000000
0000000000000000000000000000000000111111111111111111111111111111
1111111111111111111111111100000000000000000000000000000000000000
0000000000000000001111111111111111111111111111111111111111111111
1111111111000000000000000000000000000000000000000000000000000000
0011111111111111111111111111111111111111111111111111111111111111
1111111111111111111111111111111111111111111111111111111111110000
0011111111111111111111111111111111111111111111111111111111111111
1111111111111111111111111111111111111111111111111111111111110000
0000000000000000000000000000000000000000000000000000111111111111
1111111111111111111111111111111111111111111100000000000000000000
0000000000000000000000000000000000001111111111111111111111111111
1111111111111111111111111111000000000000000000000000000000000000
0000000000000000000000000000000000001111111111111111111111111111
1111111111111111111111111111000000000000000000000000000000000000
0000000000000000000011111111111111111111111111111111111111111111
1111111111110000000000000000000000000000000000000000000000000000
0000111111111111111111111111111111111111111111111111111111111111
1111111111111111111111111111111111111111111111111111111111111100
0000111111111111111111111111111111111111111111111111111111111111
1111111111111111111111111111111111111111111111111111111111111100
0000000000000000000000000000000000000000000000000000001111111111
1111111111111111111111111111111111111111111111000000000000000000
0000000000000000000000000000000000000011111111111111111111111111
1111111111111111111111111111110000000000000000000000000000000000
0000000000000000000000000000000000000011111111111111111111111111
1111111111111111111111111111110000000000000000000000000000000000
0000000000000000000000111111111111111111111111111111111111111111
1111111111111100000000000000000000000000000000000000000000000000
0000001111111111111111111111111111111111111111111111111111111111
1111111111111111111111111111111111111111111111111111111100000000
0000000000000000000000000000000001111111111111111111111111111111
1111111111111111111111111111111111000000000000000000000000000000
0000000000000000000000000000000000000111111111111111111111111111
1111111111111111111111111111111111111100000000000000000000000000
0000000000000000000000000000000000000000011111111111111111111111
1111111111111111111111111111111111111111110000000000000000000000
0000000000000000000000000000000000000000000001111111111111111111
1111111111111111111111111111111111111111111111000000000000000000
0000000000000000000000000000000000000000000000000111111111111111
1111111111111111111111111111111111111111111111111100000000000000
0000000000000000000000000000000000000000000000000000011111111111
1111111111111111111111111111111111111111111111111111110000000000
0000000000000000000000000000000000000000000000000000000001111111
1111111111111111111111111111111111111111111111111111111111000000
0000000000000000000000000000000000000000000000000000000000000111
1111111111111111111111111111111111111111111111111111111111111100
